2 0.698355 0.926704 0.154519 0.140244
5 0.900151 0.762155 0.19835 0.468435
0 0.29033 0.92713 0.0309772 0.14574
0 0.409114 0.920714 0.0267393 0.135976
2 0.76548 0.903569 0.0523464 0.12004
0 0.440808 0.907996 0.0165712 0.0960544
2 0.617139 0.869154 0.0526369 0.106431
0 0.444467 0.907166 0.0164584 0.0961602
0 0.375638 0.928471 0.0367907 0.143059
0 0.417331 0.916215 0.0224882 0.117401
0 0.334075 0.929021 0.0304851 0.141958
0 0.307431 0.919076 0.0191369 0.110915
0 0.407467 0.913779 0.0223221 0.110616
0 0.544099 0.928638 0.0407231 0.138446
