2 0.555241 0.746105 0.131168 0.118283
0 0.292567 0.744083 0.0260226 0.12974
0 0.118428 0.792023 0.0456858 0.190107
5 0.824404 0.636863 0.350067 0.609393
0 0.18581 0.744551 0.0328351 0.139243
0 0.313489 0.736685 0.0201499 0.107342
0 0.250921 0.799167 0.0244794 0.120667
0 0.256939 0.799664 0.0333556 0.124753
0 0.213309 0.793573 0.0258059 0.129482
0 0.215825 0.797656 0.0348035 0.140004
2 0.612082 0.718796 0.0454157 0.0754656
2 0.486267 0.698181 0.0481304 0.0933673
0 0.28687 0.747361 0.018549 0.126744
