0 0.333619 0.96403 0.04226 0.0716796
2 0.941011 0.981131 0.103366 0.037738
0 0.374942 0.962966 0.038407 0.074067
0 0.250106 0.96098 0.0448262 0.0764993
2 0.833178 0.97867 0.102614 0.0361511
0 0.284956 0.965996 0.044681 0.067985
2 0.652971 0.972537 0.0558281 0.0540729
2 0.84765 0.979525 0.0761713 0.0409494
2 0.639805 0.97472 0.0453014 0.0505605
2 0.481449 0.972356 0.0471041 0.0552889
2 0.560635 0.975612 0.0385524 0.0487761
2 0.740903 0.958549 0.0717648 0.0825235
2 0.559202 0.968644 0.0390833 0.0529198
2 0.596571 0.983637 0.0337872 0.0327264
0 0.336764 0.962312 0.0298847 0.0718965
