0 0.0470764 0.932454 0.0940512 0.132976
2 0.57742 0.955734 0.107255 0.0828572
0 0.448848 0.961572 0.062886 0.0767893
2 0.732951 0.960718 0.164856 0.0765225
2 0.946472 0.977211 0.106998 0.0455783
2 0.366748 0.941099 0.0484322 0.0665171
2 0.406204 0.947088 0.0457158 0.0682495
2 0.780321 0.960629 0.272245 0.0777422
0 0.519419 0.961032 0.0588199 0.076612
0 0.488636 0.96178 0.0308769 0.0737557
0 0.0938851 0.942803 0.027978 0.0838982
2 0.838202 0.964939 0.142902 0.0701214
0 0.128798 0.957821 0.0405447 0.0770415
