0 0.128206 0.951066 0.0652619 0.0963573
0 0.250955 0.952263 0.0637556 0.0942369
2 0.529789 0.965246 0.0732008 0.06767
2 0.517901 0.963958 0.0485153 0.0663635
0 0.0721385 0.948058 0.0598933 0.101259
2 0.716023 0.968231 0.119472 0.050017
2 0.848374 0.97426 0.129932 0.0487688
2 0.546656 0.969094 0.0404083 0.0615525
2 0.890004 0.974204 0.215178 0.0515859
0 0.201297 0.962035 0.0518946 0.0739955
2 0.365133 0.949937 0.0598352 0.0965794
2 0.683698 0.975397 0.0553006 0.0484611
2 0.43203 0.964473 0.0624763 0.0710534
7 0.598787 0.925807 0.113075 0.143886
2 0.710308 0.965278 0.0898667 0.0421571
2 0.44722 0.97779 0.032888 0.0444203
