2 0.77617 0.964492 0.160382 0.0684062
2 0.860496 0.958878 0.0671474 0.0821306
0 0.29454 0.965972 0.0350352 0.0680569
0 0.367317 0.968762 0.0208425 0.0624754
0 0.472275 0.964976 0.0304358 0.0700484
0 0.340885 0.963486 0.0333731 0.0730269
0 0.640364 0.967681 0.0322422 0.0637448
0 0.402019 0.968906 0.0307178 0.0621886
5 0.677511 0.922923 0.0860819 0.148193
0 0.613697 0.964749 0.0287875 0.0677524
0 0.50842 0.966485 0.0190533 0.0660682
2 0.581288 0.96811 0.0558399 0.0637799
7 0.967904 0.930175 0.0632893 0.136513
