0 0.138516 0.742382 0.0316881 0.150549
0 0.246402 0.694845 0.0213189 0.112456
2 0.470319 0.69505 0.119929 0.0961004
0 0.0520598 0.748413 0.0353907 0.178293
0 0.176353 0.749568 0.0251614 0.128057
0 0.21709 0.708325 0.026233 0.119975
5 0.771296 0.586616 0.456669 0.540063
0 0.0985878 0.695127 0.0205776 0.096693
0 0.184662 0.748904 0.0396442 0.13122
0 0.345622 0.700319 0.0330721 0.12879
0 0.119012 0.699139 0.0237539 0.114711
0 0.372157 0.703888 0.0270512 0.105206
0 0.278834 0.689287 0.0193015 0.0957216
